image_width: 1936
image_height: 1216
camera_name: /stereo/left
camera_matrix:
  rows: 3
  cols: 3
  data: [1.064735621411285e+03, 3.824314869327558, 9.876590316457264e+02, 0.000000, 1.064716173925499e+03, 6.141285741134152e+02, 0.000000, 0.000000, 1.000000]
distortion_model: plumb_bob
distortion_coefficients:
  rows: 1
  cols: 5
  data: [-0.151365340538953, 0.092691140369797, -4.816625577341318e-04, 0.001648480682384, 0.019632258195256]
  # data: [-0.251365340538953, 0.092691140369797, 0.00, 0.00, 0.019632258195256]
rectification_matrix:
  rows: 3
  cols: 3
  data: [1, 0, 0, 0, 1, 0, 0, 0, 1]
projection_matrix:
  rows: 3
  cols: 4
  data: [1.064735621411285e+03, 3.824314869327558, 9.876590316457264e+02, 0.000000, 0.000000, 1.064716173925499e+03, 6.141285741134152e+02, 0.000000, 0.000000, 0.000000, 1.000000, 0.000000]
