image_width: 1936
image_height: 1216
camera_name: /stereo/right
camera_matrix:
  rows: 3
  cols: 3
  data: [1.063052586679646e+03, 2.856214573750113, 8.593663903272873e+02, 0.000000, 1.062492129794999e+03, 6.246059164885389e+02, 0.000000, 0.000000, 1.000000]
  # data: [1.063052586679646e+03, 2.856214573750113, 9.593663903272873e+02, 0.000000, 1.062492129794999e+03, 6.246059164885389e+02, 0.000000, 0.000000, 1.000000]
distortion_model: plumb_bob
distortion_coefficients:
  rows: 1
  cols: 5
  # data: [-0.154008695542910, 0.098759955224793, -5.374409111808274e-04, 0.002769356327785, -0.028984914458352]
  data: [-0.174008695542910, 0.098759955224793, 0.00, 0.00, -0.028984914458352]
rectification_matrix:
  rows: 3
  cols: 3
  data: [0.999985855839075, -9.974969473265385e-04, 0.005224281925069, 0.001021946348934, 0.999988529458743, -0.004679377800492, -0.005219554334656, 0.004684650550459, 0.999975404848423]
projection_matrix:
  rows: 3
  cols: 4
  data: [1.063052586679646e+03, 2.856214573750113, 9.593663903272873e+02, 90.225229651400080, 0.000000, 1.062492129794999e+03, 6.246059164885389e+02, -0.332140812617889, 0.000000, 0.000000, 1.000000, 0.735080859595579]
